# INDEX-tier direction IDs for owned sitemap (update:sitemap).
# Eligibility: id listed here AND direction status=1 (enabled/public).
# Regenerated by SEO P0.2 — disabled status≠1 IDs removed.
#
15
27
33
1056
25
31
1034
24
1279
14
1182
8
35
1525
108
26
212
128
28
74
680
36
1030
4
1679
677
1033
375
1253
111
1158
402
1291
373
70
1029
261
330
1189
78
302
465
1059
1526
215
456
1070
81
1186
1157
56
368
21
1305
264
23
262
1161
1280
109
116
1075
9
161
379
503
1058
51
103
110
380
491
504
1201
106
113
127
181
273
301
307
361
376
455
459
462
473
477
508
513
572
703
712
1015
1168
1169
1235
1239
40
1150
79
